UserID: 1499885268 | Time: 2024-09-26 20:17:51.434641 | Command: /bgmi | Target: 20.235.95.67 | Port: 29279 | Time: 20
Username: @Anik_rao_15
Target: 20.235.95.67
Port: 29279
Time: 20

UserID: 1499885268 | Time: 2024-09-26 20:20:17.973182 | Command: /bgmi | Target: 20.198.78.59 | Port: 15786 | Time: 180
Username: @Anik_rao_15
Target: 20.198.78.59
Port: 15786
Time: 180

